4240 424 1.624676 
3310 331 1.030966 
4080 408 1.583257 
1150 115 0.168012 
2430 243 0.549276 
1110 111 0.207808 
4630 463 2.132599 
3430 343 1.293912 
3220 322 0.867977 
2450 245 0.476322 
3630 363 1.413006 
2160 216 0.655312 
4670 467 2.021564 
250 25 0.069380 
1430 143 0.410265 
4010 401 1.602701 
4980 498 2.198549 
1060 106 0.275199 
4030 403 1.078220 
190 19 0.018052 
1090 109 0.215253 
1150 115 0.183247 
1180 118 0.287906 
5020 502 2.446587 
250 25 0.055223 
2200 220 0.518029 
3910 391 1.492957 
3230 323 1.007277 
2060 206 0.429368 
940 94 0.238581 
1380 138 0.381715 
2290 229 0.634349 
100 10 0.000485 
1310 131 0.261177 
3210 321 1.026859 
1860 186 0.498477 
1000 100 0.285381 
2670 267 0.643854 
1660 166 0.281559 
110 11 0.001384 
2000 200 0.442910 
2880 288 0.671958 
2890 289 0.714069 
3000 300 1.027983 
4790 479 1.941540 
4570 457 1.710529 
1170 117 0.303440 
2360 236 0.601564 
1320 132 0.298240 
1470 147 0.275888 
1010 101 0.153984 
430 43 0.122138 
2900 290 0.770888 
960 96 0.231033 
2600 260 0.550224 
4950 495 2.853170 
2910 291 1.259039 
3990 399 2.868690 
4690 469 3.051455 
690 69 0.140147 
1340 134 0.284113 
3770 377 -1.174268 
2430 243 0.634437 
4230 423 1.889654 
4420 442 2.961040 
4970 497 2.467701 
3910 391 1.468781 
3040 304 0.955023 
390 39 0.023679 
4980 498 2.383172 
1610 161 0.317041 
3350 335 1.128975 
3600 360 1.097498 
4810 481 1.989353 
670 67 0.125466 
4990 499 2.184963 
3290 329 1.023034 
520 52 0.019205 
4540 454 3.219196 
1080 108 0.426674 
880 88 0.189670 
4500 450 2.423704 
1080 108 0.146341 
1760 176 0.446569 
3610 361 1.160415 
2100 210 0.516031 
2480 248 0.604035 
5010 501 0.033928 
1110 111 0.185753 
2860 286 0.734184 
1990 199 0.447537 
4510 451 1.838430 
5060 506 2.380106 
2450 245 0.476387 
1660 166 0.289834 
250 25 0.020041 
3900 390 1.365110 
3320 332 1.119508 
990 99 0.234617 
1460 146 0.374704 
2900 290 0.945460 
4530 453 2.231250 
2230 223 0.719909 
4610 461 1.996391 
260 26 0.003170 
130 13 0.002107 
3790 379 1.405498 
100 10 0.065087 
3420 342 1.130457 
2290 229 0.500459 
490 49 0.012060 
3600 360 1.056669 
590 59 0.152025 
4010 401 1.429553 
4700 470 2.147440 
1950 195 0.551098 
3700 370 1.786081 
4880 488 3.137557 
580 58 0.105198 
2240 224 0.632193 
1610 161 0.265204 
1160 116 -2.226907 
3070 307 0.763708 
730 73 0.162290 
890 89 0.198757 
3220 322 0.985787 
140 14 0.000532 
1300 130 0.420917 
3380 338 0.994204 
3920 392 1.280808 
2790 279 0.704614 
4430 443 1.570590 
510 51 0.027740 
2140 214 0.525590 
3220 322 1.083475 
680 68 0.157357 
3440 344 0.974179 
1050 105 0.233191 
4990 499 2.187243 
2680 268 0.610481 
4220 422 1.355219 
1970 197 0.432627 
1490 149 0.208315 
2420 242 0.688218 
3330 333 1.075460 
4910 491 2.617207 
2500 250 0.586723 
4340 434 1.442109 
940 94 0.231568 
330 33 0.055468 
850 85 0.217723 
880 88 0.154660 
2230 223 0.609423 
4220 422 1.430575 
2690 269 0.709685 
4910 491 2.052321 
3630 363 1.006034 
2840 284 0.799225 
710 71 0.173103 
900 90 0.137225 
3930 393 1.292183 
1850 185 0.441389 
290 29 0.016063 
1780 178 0.342199 
2990 299 -1.550236 
2100 210 0.408268 
780 78 0.209638 
1550 155 0.275818 
4430 443 1.794820 
4840 484 2.028502 
4460 446 1.552557 
1110 111 0.221970 
2870 287 0.725631 
3560 356 0.968487 
4250 425 1.490019 
3120 312 0.863887 
3130 313 0.805179 
3580 358 1.057437 
3720 372 1.651065 
1740 174 0.562581 
3340 334 1.699747 
500 50 0.062537 
4500 450 2.386715 
4520 452 1.636198 
3430 343 0.952706 
3260 326 0.932946 
2150 215 0.536847 
700 70 0.146936 
240 24 0.027458 
4990 499 2.047660 
1500 150 0.297524 
2640 264 0.509346 
3950 395 1.623165 
370 37 0.033667 
3630 363 1.070243 
260 26 0.025751 
1390 139 0.312015 
1650 165 0.371980 
4810 481 1.969776 
980 98 -2.313545 
